62240289
63323624
67840609
68993486
64229776
64512546
65625915
68852849
60203503
63388372
64232595
69919430
65836039
64795514
66478733
68280318
62159448
65202056 
62048680
65384476
65962740
66264196
67130830
64432062
65429344
68394056
68167936 
68963698
67523974 
62860641
62549125
67562840
65677490
67249643
65112709
69224600
60098917
63824536
65712380
67362475
64272291
64272291
64893560
62320035
65878456
67869877
69831949
63096868
67067749
68249638
65723201
63875328
69522673
62718792
67745935
69277619
69657223
62783741
63995006
69243825
68389230
63508782
64475121
66645156
63775528 
66357190
69545704 
62127399
67882918
69659980
68243826
63504049
63630767
63178175
64852769
66921257
62534319
61664054
62666407
66647356
62449986
66963615
66081209
66262679 
66410345
64425426
61020303
63110324
65111903
68325736
64937462
62758062
62327241
65852068
62969307
63452559
63788409
61682713 
62570990
62036710
62882257
67042495
65320728
64725983
63357019
67995562
69206323
65255919
67052492
67728994
68320891
65711319
65139433
64584356
68480876
65772058
69709523
68651033
65488377
64611752
61689556
62407013
69226084 
66568314
62484748
68645401
62324778
68328296
68599579
61131176
65001670
64550190
62770869
65754821
65490135
62120924
68374830
68362720
65478059
67578695
67578695
64619493
64885591
68777021
63168007
67412660
68495034
68341042
64269986
67702035
61843965
68103344
62283039
66300943
64488788
62186544
68962670
65653808
62703121
66612457
64343653
64668483
68680066
64742133
68373303
68373303
69780475
65884822
67042166
68999311
63639217
64602112
68060626
66039256
61467948
63761648
63401396
65668836
62132578
64222322
66459548 
66424247
69368994
63490810
64247761
68376286
63438954 
63438954 
65362194
64945983
66403417
64124088
69016547
61020413
65783804
64576495
64576495
64576495
63088514
69227568
67796153
61194873
64685377
69342161
65333859 
67444508
63466228
68291963
62387669
66216935
66337055
63126872
65941417
63437403
66851608
68539186
67095044 
68259112 
67267051
68613636
61157096
66985290
69601695
63564083
69008553
69105580
66418172
64436452
63875788
66037175
62429279
65594149
68260138
66416550
64042345
67434165
67434166
63859636
63465317
66390478
67699291
64837637
62930791
69179327
68963045
69789107
60594383
66283234 
67342005
62795063
66112827
64083113 
67831708
68809020
67405878 
62579168
66940525
68691265
69604198
62892864
67294999
69892146
66099012
64931801
67095642
68255276
65218940
69780392
68336147
69007694
62803732
65034062
69927876
66288618
62171797
65024273
69784888
65830751
68586440
66940561
63267060
62130118
67237346
66646361
64761832
66004502
65912307
67750409
63742865
69041501
64480232
62744845
68680909
63638080 
63067199
64431135
66843887
68317545
63125951
68269908
64587532
68255977
63665885
62874931
67165361
65605780 
65270625
69602569
67280609
67647827
67628379
65869753
66658421
67045923
66199974
63108800
63216793
69220718
62061141
68008104
67921107
65607214
64588081
65105206
69607594
62769537 
66313522
67865778
63041856
67193045
62679313
66266737
69274752 
62858599
67312351
63072285
69334994
69334994
65006926
69321037
67316612
60103133
63095606
68626441
64096939
64685127
63349406
68090114
69206055
65875690
65317431
66046518
60755446
66601183
68023343
67510479
67510479
66382152
62887106
65961604
60953396
65962583
64049126
64768172
62019805
69254667 
62632889 
64489685
64453164
61941608
63899794
64243154
66218105
62141655
69365918 
62890817
63411240
68610109
66220079
69318417 
62955702
65184672
64545711
69237187
66655853
66655853
60205983
64580450
64580450
63872177
69182048
64774185 
69878382
63339487
62276650
62301609
62139021
68336266
61887957
64548620
63521214
63923895
62812417
62348082
69009349
68991812
67670963
68427825
64090572
68012650
63660642
66403776
62288715
69929399
65243916
67820915
69696785
67871333
64701144
67669294
65705477
67763645
62874567
64799808
69265555
62827967
67282231
69243033
65101043
67414610
69308211
67423062 
67296278
67005614
67862904
68341687
68804222
63250196
62013302 
64470774
66183546
62561871
68308350
66590807
62124500
66751332
63914187
63528199
65386936
69055841
63347299
64681332
65649354
65797795
63825013
62910585
68718278
65768346 
63548355
63968386
64399792
64019150
62389157 
62830974
66598011
69927640
61151355
68261926
67000544
65183144
64625992 
68663534
68639257
67636736
63381645
68805127
68904133
65895693
68937058
68644894
69040544
68064990
62423235
62619198
63199120 
62870796
66178977
68122302
62141017
69783479
65956908
68946948
64369635
64587960
64011388
63979251
62742540 
69084449
65404751
68668209
66934526
67693800
69794189
67496517
66949086
61646706
69234179
62257474
62112875
68666182
64531966
64463073
64906706
66989560
69221752
64841733
64259405
63410185
65759609 
67868581
65012002
69582686
67284670 
66264196
62127839
69351662
64909702
62074831
68659914
68659914
61458873
69149114
67786618
67239438
62394799 
69966006
63537534
64489642
68706695
68219586
65330423
67887864
68087421
68087421
63110517
62825237
69241241
69241241
67770494
66097262
64129610
64387333
65653700
62866820
69658549
65319343 
61411254 
61651533
66054658
68461454
69573708
67602742
62700105
63917509 
66338372
69723624
69257122 
62795762
69051935
64420537
64363162
69159536
62414762
63275182
65708055
63507775
62284574
65358787
65793177
66856791
62693032
64616365
62930127
66055564
66916997
65925122
68270839
64361101
67498981
65664057
62070845
61378147
62368148
61240334
69249565
64458057
69445077
69445077
66485716
65701317
64965555 
64603999
63109291
66201905
63560643
64079960
69265555
67008856
65329265
63397218
62023966
64211701
64906317
61683456
67107295
69928951
62187112
62959385
67893488
69372939
64028130
64057250
63179734 
64744318
68852316
63957228
68022549
64717089
69413404
62695294
61473194
62034254
63414212
62532723
63882295
61845749
64025670
60698299
69001453
64148601 
68201660
69762923
62335914
61065577
66326143
68695110
66978834
62328819
62976154
68357620
64746434
62748067
64103349
68361851 
63751203
69405888
64348984
62067993
68282100
60410105
62900365
66815413
68964059
64847255
64184381 
68554010
67637106
69149202
64892000
62690492
63528037
62703544
63644410
63644410
64168833 
67992240
66536068 
66026067
66026067
68040554
66304630
60111122
63216671
67375258
63651900
66193821
62767093
68957263
68122753
68122753
62204804
66082572
69690220
69457846 
61150670
69422146
65766928
66620989
68548251
62658992
67216976
66414023 
66922145 
65049491
69257708
62332498
64690667
68650984
62910445
62958039
68135716
64577484
69576586
69317054
62435413
69428918
69223103
68364928
61650788
63035254
62381146 
69964218 
66416129
67413384
67445224
64863622
66251219
66803473
69365643
65471974
62307974 
69339546
67960935
62166373
63312706
66871954
62147563
65884343
68591820
63873202
65745476
64137938
68755462
66024225 
64485686
67866386
69398260
68855777
66648721
64637848 
65569535
67906040
67781117
66652993
62719049
66897580
62282275
65686646
62090441
67672279 
63910604
63409462
64848159
64650578
67445995
68800525
65791151
62267745
68271957
66669541 
62795885
64457506
65380607
63733997
64547665 
63504395 
64279208
69561945
67402190
62179345
68543848
68992931
67963107
69214634
65182670
62110326
65602509
66939596
61647345
69630505
66639034
68571798
62613018
66906340
68398602
62358440
60575166
62697654
67375647
69150313
62146401 
64394733
69021785
62424870
69372004
69035123
67634837
68276937
63137102
66995308 
63346535
69559276
64211404
64211404
65836446 
62343064
62672287
66950023
65238532
64399792
62252577
65106242
64765329
64386986
62377935
62377935
62324597
69634369
65535047
69289146
69289146
68397457
64732831 
65164344
64083574
64266957
63029951
63094396
68971484
64675007
65689377
63036162
64320054
68856194
67358210
67051211
66947384
66618137
69588762
68308385
67550778 
66339051
66401456
69429102
65827803
67503452
69903955
63768574 
66396370
65960916
62865187
63441685
69634790
62896393
68628379
65603177
68106936
68029868
66502663
69521863
64299619
68372555
65826205
63343869
69739832
62614165
68122742 
68616926
68866696
69051935
67544056
68087506
62862645
69844520
64081452
68538728
67993664
63934848
64203667
62806023
67750091
67215676
69090013
65792062
68234792
62542660
64071202
68556923
65105924 
69303876
64074955
64193760
64426494
63680969
69735765
67561763
62274327
64399599
63564256
63060922
62939328
64722228
65330056
64468849
67720669
63090204
67693564
66625366
65180355
66144303
65963646
68614478 
64170198
67065335
64235177
69950563
62246545
68272639
64410994
67684732
69872171
66328139
69242571 
63810076
64956968
69691959
63905945
69607330
68906333
65781123
60674673
68939695
62990424
62086711
62686350
68338834
60642382 
67185310
62057402
68566094
64457394
69979254
63050616 
67405306
61117272
62180262
62151453
65506814
69229997 
62360148
67384400
65854492
69779304
67075643
63103690
68494988
68367516
64384822
64134868
67339945
62407379
61602173
69329115
63193079
68644313
62294329 
66918910 
68380068
64875541
65123972
64862856
66939969
63821826
68339606
62613883
68975007
67713693
68416917
65170589
62888284 
69463894
64864053
68271483
69144935
63520432
62906723
65510189
69133959
64633909
65205277
64117087
64117087 
68982878
63147219
65740433
64321358
63966223
68665729
67602698
68222699
64034612
64193430
62372659
65652419
68073606
63979531
69135922
69135922
66949086
66810309
66329330
67927717
63945251
65610896
66045690 
68590377
66802871
69933214
63450649
65801877
62939320
67463694
63545522
63028077
64792514 
65353784
66395840
67317787
67284586
60291811
65798342
63504400
62820353
63535117
62753413
63329359
67067898
67236021
67236021
67638488
62663722
65151956
62309709
65474077
61312896
67028617
68300542
66614343 
65906436 
66697244
65016200
66052944
64778499
68658748 
63191313
62398861
62321210 
65652728
65453000 
63838774
69646545 
64077070
66826655 
67997387
65697688
68736039
68049260
64936112 
67546124
62806964
65519622
63566092
65624452
66492363
64423249
60185816
62770196
63405853
68732823
64323197
69694698
67562206
67562206
62163465
62045549
67388535
69665487
68268462
67553286
68633889
62084763
63398592
69803410
61692032
65707297
62813333 
66743686
67247120
63409004
67875312
68396109
64378418
66958709
63412840
66649116
67060521
69271176
65787295
63937541
62772909
65910618 
69657683
62807894
62523561 
60563457
61241950 
66202261
67647692
67650419
69941668
63390788
67189191
63722086
63398201
64497898
64610396 
64092930
63813285
64994731
68613464
69203995
68759338
66830402
63826591
63565687
65112429
62759027 
67854545 
69854921 
63121897
68662183
68573651
62831445
66343117 
65646770
68989314
69299345
63570995
66565193
66086421
60659439 
69230822
67105670
62694128
69894660
62743557
65817510
69361658
64289304
66892421
64458315
61949626
63666286
68886762
68035271
64555791
63176390 
63765984 
63873760
69350548 
61657810
68731899
68731899
67045061
63509520
67171519
64549344
65191275
62719653
65874465
60706026
66135947
65728687